457 533
447 601
439 669
430 740
439 807
469 868
517 917
568 961
634 991
712 999
788 980
859 948
910 901
946 842
968 779
984 716
998 653
505 465
546 425
604 411
662 421
714 454
792 467
853 458
914 471
964 509
983 568
739 518
730 561
720 603
710 648
639 675
671 685
702 699
737 698
773 697
561 523
595 519
628 523
661 541
624 537
592 531
816 567
857 563
890 573
918 589
883 586
850 577
547 735
599 725
654 723
695 734
739 734
790 752
837 782
779 827
723 840
678 837
633 826
584 792
565 741
649 741
691 751
734 754
818 782
729 804
685 802
641 792
