95 57
94 66
94 75
96 84
101 92
107 99
115 105
123 110
132 111
142 110
149 104
156 97
162 91
166 83
168 74
167 65
167 57
100 51
104 45
111 44
119 44
125 46
138 46
145 44
152 43
158 45
162 51
132 54
132 59
132 64
133 69
123 73
127 74
132 75
137 74
142 73
108 56
112 54
117 54
122 57
117 57
112 57
141 57
145 54
150 54
154 56
150 57
146 57
115 85
121 82
128 81
132 81
137 80
143 82
149 85
144 92
137 94
132 95
128 95
121 92
117 86
128 84
132 84
137 84
147 85
137 88
132 89
128 89
