31 63
31 74
32 85
32 97
35 108
41 117
49 125
58 131
69 134
80 134
91 129
100 122
106 114
111 103
113 91
114 80
115 68
38 63
44 56
52 54
62 54
70 57
77 58
86 56
96 57
104 60
110 67
73 63
73 69
72 76
71 83
61 87
66 89
71 91
77 90
82 89
48 64
53 63
57 63
63 65
57 65
53 65
84 66
90 65
95 66
100 67
95 68
89 67
54 99
60 97
66 97
71 99
77 98
83 99
89 103
82 107
76 108
70 108
64 107
59 104
56 99
65 100
71 100
77 100
87 102
76 103
71 103
65 102
