138 186
133 215
131 245
129 276
134 307
144 336
160 362
182 385
214 395
250 395
282 382
309 364
331 341
346 315
355 285
363 256
370 226
159 157
172 140
195 134
218 136
239 145
269 148
294 144
319 149
340 163
349 185
250 177
247 194
244 211
240 229
214 249
224 253
235 258
248 257
260 256
180 183
193 179
207 180
220 186
205 187
192 186
280 194
297 192
310 196
321 204
307 203
294 199
183 288
202 282
219 280
230 284
244 284
261 292
278 305
257 314
237 316
224 315
211 312
197 304
191 290
217 294
229 296
242 297
270 304
240 299
227 298
215 295
