104 71
105 79
108 88
110 97
113 105
119 112
125 118
133 124
140 125
148 124
156 118
163 112
169 105
172 96
174 87
175 78
175 69
108 63
112 60
118 60
123 61
128 64
141 62
148 61
154 60
161 60
168 63
136 70
136 76
136 83
137 89
132 93
134 94
137 94
140 93
143 93
116 70
119 68
124 68
128 72
124 72
119 72
147 71
151 68
156 67
160 70
157 72
152 72
126 104
131 102
135 100
138 101
141 100
146 101
152 103
147 109
142 111
138 112
135 112
131 109
128 104
135 102
138 103
142 102
149 104
142 106
138 107
135 107
